3.8022598870056497
3.8022598870056497
3.8022598870056497
3.8022598870056497
3.8022598870056497
3.8022598870056497
3.8022598870056497
3.8022598870056497
3.8022598870056497
3.8022598870056497
3.8022598870056497
3.8022598870056497
3.8022598870056497
3.8022598870056497
3.8022598870056497
3.8022598870056497
3.8022598870056497
3.8022598870056497
3.8022598870056497
3.8022598870056497
3.8022598870056497
3.8022598870056497
3.8022598870056497
3.8022598870056497
3.8022598870056497
3.8022598870056497
3.8022598870056497
3.8022598870056497
3.8022598870056497
4.083743842364532
4.083743842364532
4.083743842364532
4.083743842364532
4.083743842364532
4.083743842364532
4.083743842364532
4.083743842364532
4.083743842364532
4.083743842364532
4.083743842364532
4.083743842364532
4.083743842364532
4.083743842364532
4.083743842364532
4.083743842364532
4.083743842364532
4.083743842364532
4.083743842364532
4.083743842364532
4.083743842364532
4.083743842364532
4.083743842364532
4.083743842364532
4.083743842364532
4.083743842364532
3.827433628318584
3.827433628318584
3.827433628318584
3.827433628318584
3.827433628318584
3.827433628318584
3.827433628318584
3.827433628318584
3.827433628318584
3.827433628318584
3.827433628318584
3.827433628318584
