3.4127906976744184
3.175141242937853
2.865079365079365
2.538922155688623
3.3734939759036147
2.7152777777777777
3.3260869565217392
3.268965517241379
3.6705882352941175
3.233128834355828
2.840909090909091
3.0549450549450547
2.736318407960199
3.760204081632653
2.8758169934640523
4.397590361445783
3.112781954887218
2.83125
3.2153846153846155
2.8979591836734695
2.951219512195122
3.0310077519379846
3.1125
3.2962962962962963
2.7577319587628866
3.779527559055118
3.0914285714285716
3.461904761904762
2.9594594594594597
2.3933333333333335
2.729357798165138
2.8823529411764706
3.0794701986754967
2.870967741935484
2.4696969696969697
2.9671052631578947
2.5416666666666665
2.282828282828283
3.008130081300813
2.9576719576719577
3.1703056768558953
2.5636363636363635
2.707865168539326
2.8326359832635983
2.87248322147651
2.8177777777777777
2.9792746113989637
2.5
2.6204379562043796
2.7611940298507465
2.3
3.359375
2.3592814371257487
2.8
2.9215686274509802
2.681592039800995
2.841860465116279
2.7039106145251397
2.7288888888888887
2.9565217391304346
2.723404255319149
2.8970588235294117
3.0885416666666665
3.2337662337662336
2.646153846153846
3.291845493562232
2.6810344827586206
